metric,value
session_id,20260701_150250
num_questions,100
mode,random
seed,45
start_index,
correct_answers,67
accuracy,0.67
send_request_time,0.0005
network_latency,84.5096
receive_response_time,1.7683
client_total_time,86.2806
processing_non_inference_time,1.51
inference_time,27.3113
cloud_total_time,28.8205
communication_time,86.2806
computation_time,28.8205
api_total_time,115.1011
gpu_memory_used_mb,5640.52
gpu_memory_total_mb,32607.0
gpu_power_watts,131.36
energy_joules_estimate,3587.9104
